bench,function,src,pct,total_sample,max_sample,entry_sample
525.x264_r,computeSSIM,ImageValidator.c,100.00,142241,297,297
